% # columns="iteration, evaluation, min max(neg(.)) min(pos(.)) max correlation, correlation matrix principal axes lengths  (sorted square roots of eigenvalues of correlation matrix)", seed=1020556, Wed Apr 16 17:20:07 2025
1 100 -0.196406293554324 -0.0280774868759991 0.025408242219089106 0.12788252233134473 0.8800291673992949 0.8972968640179907 0.9104431575080171 0.9439891358408631 0.9608980480270132 0.9836409587568334 0.9978098651311298 1.0297538250204914 1.0867921624372323 1.117882190514834 1.1500934366226403
2 200 -0.31242704658074993 -0.054680681143168805 0.03710398065147554 0.13170936122039345 0.8800291673992949 0.8972968640179907 0.9104431575080171 0.9439891358408631 0.9608980480270132 0.9836409587568334 0.9978098651311298 1.0297538250204914 1.0867921624372323 1.117882190514834 1.1500934366226403
3 300 -0.4443055829589264 -0.07225914646431246 0.03943185904684525 0.10890199454155604 0.8800291673992949 0.8972968640179907 0.9104431575080171 0.9439891358408631 0.9608980480270132 0.9836409587568334 0.9978098651311298 1.0297538250204914 1.0867921624372323 1.117882190514834 1.1500934366226403
4 400 -0.5106069701781034 -0.07752085033997796 0.052330852037526736 0.14418423924104998 0.8800291673992949 0.8972968640179907 0.9104431575080171 0.9439891358408631 0.9608980480270132 0.9836409587568334 0.9978098651311298 1.0297538250204914 1.0867921624372323 1.117882190514834 1.1500934366226403
5 500 -0.6043658989231023 -0.0654785594574755 0.055751039134728314 0.18550674257915334 0.8800291673992949 0.8972968640179907 0.9104431575080171 0.9439891358408631 0.9608980480270132 0.9836409587568334 0.9978098651311298 1.0297538250204914 1.0867921624372323 1.117882190514834 1.1500934366226403
6 600 -0.6853590226863991 -0.08694752526821937 0.0689530602992637 0.2507538121526107 0.8800291673992949 0.8972968640179907 0.9104431575080171 0.9439891358408631 0.9608980480270132 0.9836409587568334 0.9978098651311298 1.0297538250204914 1.0867921624372323 1.117882190514834 1.1500934366226403
7 700 -0.7588857875335536 -0.09584075894827097 0.06200239329964774 0.22406375474586104 0.8800291673992949 0.8972968640179907 0.9104431575080171 0.9439891358408631 0.9608980480270132 0.9836409587568334 0.9978098651311298 1.0297538250204914 1.0867921624372323 1.117882190514834 1.1500934366226403
8 800 -0.8108283934356335 -0.09492116190525456 0.052397161117595424 0.19149413673384447 0.8800291673992949 0.8972968640179907 0.9104431575080171 0.9439891358408631 0.9608980480270132 0.9836409587568334 0.9978098651311298 1.0297538250204914 1.0867921624372323 1.117882190514834 1.1500934366226403
9 900 -0.8671650883684974 -0.08950558072561239 0.06064783957149653 0.21309404979623756 0.8800291673992949 0.8972968640179907 0.9104431575080171 0.9439891358408631 0.9608980480270132 0.9836409587568334 0.9978098651311298 1.0297538250204914 1.0867921624372323 1.117882190514834 1.1500934366226403
10 1000 -0.8929124348791124 -0.09837855299719458 0.05581355484869348 0.2748587007091252 0.8800291673992949 0.8972968640179907 0.9104431575080171 0.9439891358408631 0.9608980480270132 0.9836409587568334 0.9978098651311298 1.0297538250204914 1.0867921624372323 1.117882190514834 1.1500934366226403
11 1100 -0.9127077917448633 -0.10193274130554536 0.0579163279202605 0.3212340495232964 0.8800291673992949 0.8972968640179907 0.9104431575080171 0.9439891358408631 0.9608980480270132 0.9836409587568334 0.9978098651311298 1.0297538250204914 1.0867921624372323 1.117882190514834 1.1500934366226403
12 1200 -0.9282759176004886 -0.09339698398299935 0.07290105474272268 0.2729240065895801 0.2627160766218991 0.5172464305121713 0.6330965846956361 0.7762209727015474 0.8300242183399189 0.9855749160573759 1.0724767042652779 1.1541553000225544 1.2206252282528458 1.3288971242510386 1.503872913030767
13 1300 -0.9379095790291241 -0.09916309450689907 0.05269048194997669 0.35802685994677474 0.2627160766218991 0.5172464305121713 0.6330965846956361 0.7762209727015474 0.8300242183399189 0.9855749160573759 1.0724767042652779 1.1541553000225544 1.2206252282528458 1.3288971242510386 1.503872913030767
14 1400 -0.9486213610130325 -0.1137900327709631 0.0773099828156202 0.3278517632379745 0.2627160766218991 0.5172464305121713 0.6330965846956361 0.7762209727015474 0.8300242183399189 0.9855749160573759 1.0724767042652779 1.1541553000225544 1.2206252282528458 1.3288971242510386 1.503872913030767
15 1500 -0.9577634540461477 -0.12081763363293485 0.11568231236326677 0.27053821169032366 0.2627160766218991 0.5172464305121713 0.6330965846956361 0.7762209727015474 0.8300242183399189 0.9855749160573759 1.0724767042652779 1.1541553000225544 1.2206252282528458 1.3288971242510386 1.503872913030767
16 1600 -0.9592116216430013 -0.12942401351060914 0.10590181404639334 0.2654099014354717 0.2627160766218991 0.5172464305121713 0.6330965846956361 0.7762209727015474 0.8300242183399189 0.9855749160573759 1.0724767042652779 1.1541553000225544 1.2206252282528458 1.3288971242510386 1.503872913030767
17 1700 -0.9657117566161599 -0.11825789668002917 0.09815323865454847 0.2686810519502718 0.2627160766218991 0.5172464305121713 0.6330965846956361 0.7762209727015474 0.8300242183399189 0.9855749160573759 1.0724767042652779 1.1541553000225544 1.2206252282528458 1.3288971242510386 1.503872913030767
18 1800 -0.9713770888020082 -0.14492085246651504 0.09452230926933461 0.38037974492345117 0.2627160766218991 0.5172464305121713 0.6330965846956361 0.7762209727015474 0.8300242183399189 0.9855749160573759 1.0724767042652779 1.1541553000225544 1.2206252282528458 1.3288971242510386 1.503872913030767
19 1900 -0.9759424715036569 -0.17890655221867593 0.11437164360999826 0.339140949813241 0.2627160766218991 0.5172464305121713 0.6330965846956361 0.7762209727015474 0.8300242183399189 0.9855749160573759 1.0724767042652779 1.1541553000225544 1.2206252282528458 1.3288971242510386 1.503872913030767
20 2000 -0.9749249761613517 -0.173201968838456 0.11048564245925004 0.3566711371252549 0.2627160766218991 0.5172464305121713 0.6330965846956361 0.7762209727015474 0.8300242183399189 0.9855749160573759 1.0724767042652779 1.1541553000225544 1.2206252282528458 1.3288971242510386 1.503872913030767
21 2100 -0.9770947673365191 -0.1582516485028696 0.12599694194150846 0.35491307784826215 0.2627160766218991 0.5172464305121713 0.6330965846956361 0.7762209727015474 0.8300242183399189 0.9855749160573759 1.0724767042652779 1.1541553000225544 1.2206252282528458 1.3288971242510386 1.503872913030767
22 2200 -0.9780775541259477 -0.15218273981383112 0.11141554299041055 0.39567627361431484 0.2627160766218991 0.5172464305121713 0.6330965846956361 0.7762209727015474 0.8300242183399189 0.9855749160573759 1.0724767042652779 1.1541553000225544 1.2206252282528458 1.3288971242510386 1.503872913030767
23 2300 -0.9790283532800711 -0.179055224844485 0.09258128984405731 0.46892654779150567 0.131763758772593 0.234086008463564 0.35846191996593957 0.5357598636011 0.7478100501531187 0.8564038548614901 0.9672560232929414 1.0995157849298764 1.4244990035951686 1.4953643920040507 1.676254690447975
24 2400 -0.976985852171219 -0.16057754456898635 0.07510592498787376 0.5446515073675001 0.131763758772593 0.234086008463564 0.35846191996593957 0.5357598636011 0.7478100501531187 0.8564038548614901 0.9672560232929414 1.0995157849298764 1.4244990035951686 1.4953643920040507 1.676254690447975
25 2500 -0.977282755838226 -0.12932260797459855 0.08068541046032732 0.5886760504469589 0.131763758772593 0.234086008463564 0.35846191996593957 0.5357598636011 0.7478100501531187 0.8564038548614901 0.9672560232929414 1.0995157849298764 1.4244990035951686 1.4953643920040507 1.676254690447975
26 2600 -0.9768099179490697 -0.1713540755902051 0.08931124307272455 0.6084169516983183 0.131763758772593 0.234086008463564 0.35846191996593957 0.5357598636011 0.7478100501531187 0.8564038548614901 0.9672560232929414 1.0995157849298764 1.4244990035951686 1.4953643920040507 1.676254690447975
27 2700 -0.9789829655329839 -0.18180311389727255 0.09819217451689606 0.5680003543097603 0.131763758772593 0.234086008463564 0.35846191996593957 0.5357598636011 0.7478100501531187 0.8564038548614901 0.9672560232929414 1.0995157849298764 1.4244990035951686 1.4953643920040507 1.676254690447975
28 2800 -0.9793913963593793 -0.15818188530521501 0.09579915394428233 0.5646943322253191 0.131763758772593 0.234086008463564 0.35846191996593957 0.5357598636011 0.7478100501531187 0.8564038548614901 0.9672560232929414 1.0995157849298764 1.4244990035951686 1.4953643920040507 1.676254690447975
29 2900 -0.981339322504071 -0.15412012069869002 0.10475895001777136 0.5769760278775643 0.131763758772593 0.234086008463564 0.35846191996593957 0.5357598636011 0.7478100501531187 0.8564038548614901 0.9672560232929414 1.0995157849298764 1.4244990035951686 1.4953643920040507 1.676254690447975
30 3000 -0.9821940160979651 -0.1589442521893591 0.1196996635702132 0.5496423815042589 0.131763758772593 0.234086008463564 0.35846191996593957 0.5357598636011 0.7478100501531187 0.8564038548614901 0.9672560232929414 1.0995157849298764 1.4244990035951686 1.4953643920040507 1.676254690447975
