% # columns="iteration, evaluation, sigma, void, void,  stds==sigma*sigma_vec.scaling*sqrt(diag(C))", seed=1020556, Wed Apr 16 17:20:07 2025, <python>{}</python>
1 100 0.19513364847880296 0 0 0.029264133509197494 0.19819255560753538 0.19051556490523097 0.19800800275149696 0.030988734325844914 0.18704967851273738 0.209045995750197 0.20125396219168457 0.1916392588776315 0.19905372882979325 0.20603435570756207
2 200 0.19339953205892527 0 0 0.025974589234297674 0.19300698371298108 0.18509438821366797 0.18934724181545776 0.028791342396811897 0.18805405856931495 0.20300347190200677 0.1996244758978033 0.19261708528592197 0.21001248559313948 0.21026832347635996
3 300 0.17931228847219438 0 0 0.0210822715212214 0.17497883173516715 0.1699242437330623 0.17069895819265826 0.025118207416649913 0.16748944910714555 0.17674595850684335 0.18518888161824743 0.17617802582842143 0.1889392482099269 0.19216846990232367
4 400 0.16637993021116765 0 0 0.0169106160744862 0.15332955225086917 0.15268604831641228 0.15902824630021042 0.022256784185646625 0.15603675198346204 0.16512229953620558 0.1672387592333665 0.17195962067811077 0.17785910398260082 0.17685249879459441
5 500 0.15682371574902923 0 0 0.014535465627712385 0.1401260061877861 0.14196414762703735 0.15232298337064032 0.020403082303687082 0.1509364801446621 0.15254082610412928 0.1647105754973721 0.1657128322373076 0.16189789824837664 0.15956177334952698
6 600 0.14793130179205766 0 0 0.011740117267828906 0.12409422256049907 0.1325943081076271 0.1473682280798019 0.018066710140539274 0.14389679700880445 0.14305387736129715 0.1516262512400066 0.1562226051901389 0.16550864770805396 0.14487804168899662
7 700 0.13900333543180374 0 0 0.010854496647158715 0.11501264421079388 0.12114657893023431 0.13266683582352626 0.015690198602784245 0.12828795810712496 0.14218445325473572 0.13446650301187318 0.14020191642610227 0.1508968318388084 0.13592253342023924
8 800 0.12904823898614473 0 0 0.009600814307742678 0.10690716940575659 0.1101295757436954 0.11745445207653953 0.013317445452007744 0.11160807249454052 0.1299375643024564 0.12391528129018498 0.1281825655855311 0.1450711169972361 0.12578708325116797
9 900 0.12404828725010261 0 0 0.00897762615131663 0.10438796182639064 0.1009928564505137 0.11082116715745985 0.011994024675282315 0.10634169087917289 0.1329579820183157 0.12463475084096742 0.12385458973980164 0.13638558978303042 0.12402416455484655
10 1000 0.11979838639907824 0 0 0.008068280874998683 0.09864643995926295 0.10400666320294953 0.10504851562507522 0.010840147875196849 0.10175745335127147 0.13509452151744564 0.11971930188126328 0.12138674787432806 0.13906212727720188 0.12148833432190258
11 1100 0.11530151780187214 0 0 0.007390638879808831 0.08855756050774898 0.09627756603059713 0.1011778451104841 0.009969026480902164 0.10020217903815112 0.12809007593139135 0.11456009897394087 0.11270987853867111 0.13249645061146623 0.11535639079383514
12 1200 0.11765306312757594 0 0 0.007061607021642638 0.08590187490508809 0.10127028857813959 0.09836296928808766 0.0095838191849001 0.10232320688297111 0.1321147156308534 0.11573159374572249 0.11477028289212027 0.13373278609618247 0.12183519070458214
13 1300 0.12705744391618992 0 0 0.007025115429458567 0.0841912619241019 0.10480745181206674 0.10220708922376624 0.010333504447324483 0.1141902184366436 0.1598027111792156 0.12765044252982924 0.12042574606558872 0.14428083330778477 0.13182083884328244
14 1400 0.12465820952593389 0 0 0.00649012508528116 0.07890897064741909 0.10045421426271302 0.0987200433190982 0.009427772346172241 0.10558735889703914 0.15662287463078084 0.12168943585964344 0.11874928833940276 0.14829225625251144 0.13021861523927616
15 1500 0.10584677268807752 0 0 0.0053008902124577675 0.06459911820747745 0.08560925403414649 0.08197032950051218 0.0077408156636843166 0.08937059763138354 0.1293217030434374 0.10096138526244494 0.09968950993892016 0.12631596160110903 0.1150619548748159
16 1600 0.105831358816884 0 0 0.004864533005509266 0.05870002002687162 0.08063461815459201 0.0795060735359093 0.007362548445693476 0.08782432318623365 0.13623110378450057 0.1008099700248275 0.09486199747625429 0.1183341711030006 0.11490579175106597
17 1700 0.11571744011219011 0 0 0.005079503331581201 0.06212986013275447 0.0968448561211008 0.08931271859012226 0.008085918436062014 0.09884858528551849 0.13895655437676802 0.10905220051763184 0.10492898316009622 0.1390699934224108 0.13334578958551027
18 1800 0.12520242739462165 0 0 0.005324466701690245 0.0652555531426881 0.11010302632083831 0.09918659734473728 0.008410655486387277 0.10413131903435194 0.14953299499517927 0.11990547521602533 0.11739223000599798 0.15362640221863214 0.1510630074237424
19 1900 0.1353481926893141 0 0 0.0054221852380235925 0.06778939956676865 0.11892503624438759 0.10320864282094 0.0085140917039144 0.10468909453161994 0.16979845155751516 0.1258448884399695 0.12574839417220418 0.15752981052160564 0.15408078800635175
20 2000 0.14793491425919322 0 0 0.005229082595208411 0.06640259907188026 0.14136468431949123 0.1186298425733382 0.008674837145430492 0.10674777157632069 0.17881336743296428 0.1421157113602889 0.13293793513155308 0.16957588420498032 0.1719224482328334
21 2100 0.14528664019297022 0 0 0.004801705524156904 0.06105454239767122 0.1332334748437498 0.11209910047055943 0.007975070016027937 0.09810965169209193 0.18243272020488205 0.14635364357798325 0.12711853337846796 0.15898189099432747 0.17155911132057544
22 2200 0.15743722234853322 0 0 0.004734606492519679 0.06120851384670728 0.14068940919005998 0.11649488610009892 0.008252174787035233 0.10221540764419498 0.20180263617701794 0.1828648086240362 0.14054345365616966 0.174585882626479 0.20645184578730272
23 2300 0.17020410741350545 0 0 0.00477736045755292 0.06230025097945961 0.16248318651957017 0.13051443679699062 0.008653848023965967 0.10747584994833013 0.23767114790475583 0.2011295138279013 0.15032262684218456 0.18723819481407003 0.22456455676676723
24 2400 0.17357770994499538 0 0 0.004400881501578354 0.057615838603640335 0.16455409453011083 0.1329859068556405 0.008295451197527353 0.10405831228047556 0.237378375552405 0.20090115361128005 0.1500588897794477 0.18854150985401055 0.21704350638597453
25 2500 0.18515070236241407 0 0 0.004294224028586192 0.05631712648625504 0.17024717610626147 0.13262689536131125 0.00889706830072093 0.10909173361141261 0.26071625931435455 0.22535956324581438 0.1544392565437733 0.19415905273415773 0.22622543153225627
26 2600 0.18089091475424848 0 0 0.0037574774081757857 0.04966230741000232 0.16685611380899404 0.12138626770180622 0.00824262252825968 0.10064431684879097 0.26120416717313283 0.2115591311867175 0.15068059675449041 0.18668315125384116 0.20949795046758288
27 2700 0.19364787438070247 0 0 0.0037743822499354293 0.050324686663947515 0.16131302408269835 0.11501189518632406 0.008398201802728237 0.10389942702356403 0.3050204726507997 0.21537088530043777 0.1639825575877499 0.1949437392972943 0.2260676058256211
28 2800 0.18424800044973302 0 0 0.0033535430566441296 0.04474170338346067 0.14413059265745742 0.10218131592897765 0.007764400217077929 0.09799270765525496 0.29635035018158773 0.19651838797700188 0.15333441178785878 0.17242964711055583 0.22292348269798565
29 2900 0.19747097938643488 0 0 0.0034000967498186677 0.045364234778232995 0.14661113476373291 0.09867505334761845 0.007788823695529629 0.09726514029075249 0.3191210527141655 0.21665097221869084 0.16583148098570594 0.1882384284200864 0.2525577019458067
30 3000 0.18601713311514873 0 0 0.0029224990244544544 0.0389362586890219 0.12386574688434854 0.0819117795214488 0.007001237602108011 0.08710600680743424 0.30077821717606107 0.20142105065793894 0.15358429544354263 0.17821688514653283 0.24309998517980896
